16 bits float:

0.996781
0.985842
0.988987
0.989513
0.989483
0.997703
0.991155
0.483699
0.483639
0.998516
0.994476
0.995561
0.995618
0.995763
0.996097
0.997179
0.95623
0.998344
0.994146
0.99385
0.490884
0.491255
0.995281
0.490898
0.491269
0.995924
0.997459
0.996557

half:

-4.2865e+37
-4.2865e+37
-4.2865e+37
-4.2865e+37
-4.2865e+37
-4.2865e+37
-4.2865e+37
-4.2865e+37
-4.2865e+37
-4.2865e+37
-4.2865e+37
-4.2865e+37
-4.2865e+37
-4.2865e+37
-0.0687584
0.0435907
0.0167455
0.0433407
0.0196334
0.0559702
-0.0270209
-0.00647588
-0.0126783
0.0194573
0.0457603
0.0378706
-0.047572
-0.0298377
